 1  2  -40.0
 1  6  -40.0
 2  3  -40.0
 2  1  -40.0
 2  7  -40.0
 3  4  -40.0
 3  2  -40.0
 3  8  -40.0
 4  5  -40.0
 4  3  -40.0
 4  9  -40.0
 5  4  -40.0
 5  10  -40.0
 6  7  -40.0
 6  11  -40.0
 6  1  -40.0
 7  8  -40.0
 7  6  -40.0
 7  12  -40.0
 7  2  -40.0
 8  9  -40.0
 8  7  -40.0
 8  13  -40.0
 8  3  -40.0
 9  10  -40.0
 9  8  -40.0
 9  14  -40.0
 9  4  -40.0
 10  9  -40.0
 10  15  -40.0
 10  5  -40.0
 11  12  -40.0
 11  16  -40.0
 11  6  -40.0
 12  13  -40.0
 12  11  -40.0
 12  17  -40.0
 12  7  -40.0
 13  14  -40.0
 13  12  -40.0
 13  18  -40.0
 13  8  -40.0
 14  15  -40.0
 14  13  -40.0
 14  19  -40.0
 14  9  -40.0
 15  14  -40.0
 15  20  -40.0
 15  10  -40.0
 16  17  -40.0
 16  21  -40.0
 16  11  -40.0
 17  18  -40.0
 17  16  -40.0
 17  22  -40.0
 17  12  -40.0
 18  19  -40.0
 18  17  -40.0
 18  23  -40.0
 18  13  -40.0
 19  20  -40.0
 19  18  -40.0
 19  24  -40.0
 19  14  -40.0
 20  19  -40.0
 20  25  -40.0
 20  15  -40.0
 21  22  -40.0
 21  16  -40.0
 22  23  -40.0
 22  21  -40.0
 22  17  -40.0
 23  24  -40.0
 23  22  -40.0
 23  18  -40.0
 24  25  -40.0
 24  23  -40.0
 24  19  -40.0
 25  24  -40.0
 25  20  -40.0
