 1  2  -40.0
 1  5  -40.0
 2  3  -40.0
 2  1  -40.0
 2  6  -40.0
 3  4  -40.0
 3  2  -40.0
 3  7  -40.0
 4  3  -40.0
 4  8  -40.0
 5  6  -40.0
 5  9  -40.0
 5  1  -40.0
 6  7  -40.0
 6  5  -40.0
 6  10  -40.0
 6  2  -40.0
 7  8  -40.0
 7  6  -40.0
 7  11  -40.0
 7  3  -40.0
 8  7  -40.0
 8  12  -40.0
 8  4  -40.0
 9  10  -40.0
 9  13  -40.0
 9  5  -40.0
 10  11  -40.0
 10  9  -40.0
 10  14  -40.0
 10  6  -40.0
 11  12  -40.0
 11  10  -40.0
 11  15  -40.0
 11  7  -40.0
 12  11  -40.0
 12  16  -40.0
 12  8  -40.0
 13  14  -40.0
 13  9  -40.0
 14  15  -40.0
 14  13  -40.0
 14  10  -40.0
 15  16  -40.0
 15  14  -40.0
 15  11  -40.0
 16  15  -40.0
 16  12  -40.0
