 1  2  -40.0
 1  11  -40.0
 2  3  -40.0
 2  1  -40.0
 2  12  -40.0
 3  4  -40.0
 3  2  -40.0
 3  13  -40.0
 4  5  -40.0
 4  3  -40.0
 4  14  -40.0
 5  6  -40.0
 5  4  -40.0
 5  15  -40.0
 6  7  -40.0
 6  5  -40.0
 6  16  -40.0
 7  8  -40.0
 7  6  -40.0
 7  17  -40.0
 8  9  -40.0
 8  7  -40.0
 8  18  -40.0
 9  10  -40.0
 9  8  -40.0
 9  19  -40.0
 10  9  -40.0
 10  20  -40.0
 11  12  -40.0
 11  21  -40.0
 11  1  -40.0
 12  13  -40.0
 12  11  -40.0
 12  22  -40.0
 12  2  -40.0
 13  14  -40.0
 13  12  -40.0
 13  23  -40.0
 13  3  -40.0
 14  15  -40.0
 14  13  -40.0
 14  24  -40.0
 14  4  -40.0
 15  16  -40.0
 15  14  -40.0
 15  25  -40.0
 15  5  -40.0
 16  17  -40.0
 16  15  -40.0
 16  26  -40.0
 16  6  -40.0
 17  18  -40.0
 17  16  -40.0
 17  27  -40.0
 17  7  -40.0
 18  19  -40.0
 18  17  -40.0
 18  28  -40.0
 18  8  -40.0
 19  20  -40.0
 19  18  -40.0
 19  29  -40.0
 19  9  -40.0
 20  19  -40.0
 20  30  -40.0
 20  10  -40.0
 21  22  -40.0
 21  31  -40.0
 21  11  -40.0
 22  23  -40.0
 22  21  -40.0
 22  32  -40.0
 22  12  -40.0
 23  24  -40.0
 23  22  -40.0
 23  33  -40.0
 23  13  -40.0
 24  25  -40.0
 24  23  -40.0
 24  34  -40.0
 24  14  -40.0
 25  26  -40.0
 25  24  -40.0
 25  35  -40.0
 25  15  -40.0
 26  27  -40.0
 26  25  -40.0
 26  36  -40.0
 26  16  -40.0
 27  28  -40.0
 27  26  -40.0
 27  37  -40.0
 27  17  -40.0
 28  29  -40.0
 28  27  -40.0
 28  38  -40.0
 28  18  -40.0
 29  30  -40.0
 29  28  -40.0
 29  39  -40.0
 29  19  -40.0
 30  29  -40.0
 30  40  -40.0
 30  20  -40.0
 31  32  -40.0
 31  41  -40.0
 31  21  -40.0
 32  33  -40.0
 32  31  -40.0
 32  42  -40.0
 32  22  -40.0
 33  34  -40.0
 33  32  -40.0
 33  43  -40.0
 33  23  -40.0
 34  35  -40.0
 34  33  -40.0
 34  44  -40.0
 34  24  -40.0
 35  36  -40.0
 35  34  -40.0
 35  45  -40.0
 35  25  -40.0
 36  37  -40.0
 36  35  -40.0
 36  46  -40.0
 36  26  -40.0
 37  38  -40.0
 37  36  -40.0
 37  47  -40.0
 37  27  -40.0
 38  39  -40.0
 38  37  -40.0
 38  48  -40.0
 38  28  -40.0
 39  40  -40.0
 39  38  -40.0
 39  49  -40.0
 39  29  -40.0
 40  39  -40.0
 40  50  -40.0
 40  30  -40.0
 41  42  -40.0
 41  51  -40.0
 41  31  -40.0
 42  43  -40.0
 42  41  -40.0
 42  52  -40.0
 42  32  -40.0
 43  44  -40.0
 43  42  -40.0
 43  53  -40.0
 43  33  -40.0
 44  45  -40.0
 44  43  -40.0
 44  54  -40.0
 44  34  -40.0
 45  46  -40.0
 45  44  -40.0
 45  55  -40.0
 45  35  -40.0
 46  47  -40.0
 46  45  -40.0
 46  56  -40.0
 46  36  -40.0
 47  48  -40.0
 47  46  -40.0
 47  57  -40.0
 47  37  -40.0
 48  49  -40.0
 48  47  -40.0
 48  58  -40.0
 48  38  -40.0
 49  50  -40.0
 49  48  -40.0
 49  59  -40.0
 49  39  -40.0
 50  49  -40.0
 50  60  -40.0
 50  40  -40.0
 51  52  -40.0
 51  61  -40.0
 51  41  -40.0
 52  53  -40.0
 52  51  -40.0
 52  62  -40.0
 52  42  -40.0
 53  54  -40.0
 53  52  -40.0
 53  63  -40.0
 53  43  -40.0
 54  55  -40.0
 54  53  -40.0
 54  64  -40.0
 54  44  -40.0
 55  56  -40.0
 55  54  -40.0
 55  65  -40.0
 55  45  -40.0
 56  57  -40.0
 56  55  -40.0
 56  66  -40.0
 56  46  -40.0
 57  58  -40.0
 57  56  -40.0
 57  67  -40.0
 57  47  -40.0
 58  59  -40.0
 58  57  -40.0
 58  68  -40.0
 58  48  -40.0
 59  60  -40.0
 59  58  -40.0
 59  69  -40.0
 59  49  -40.0
 60  59  -40.0
 60  70  -40.0
 60  50  -40.0
 61  62  -40.0
 61  71  -40.0
 61  51  -40.0
 62  63  -40.0
 62  61  -40.0
 62  72  -40.0
 62  52  -40.0
 63  64  -40.0
 63  62  -40.0
 63  73  -40.0
 63  53  -40.0
 64  65  -40.0
 64  63  -40.0
 64  74  -40.0
 64  54  -40.0
 65  66  -40.0
 65  64  -40.0
 65  75  -40.0
 65  55  -40.0
 66  67  -40.0
 66  65  -40.0
 66  76  -40.0
 66  56  -40.0
 67  68  -40.0
 67  66  -40.0
 67  77  -40.0
 67  57  -40.0
 68  69  -40.0
 68  67  -40.0
 68  78  -40.0
 68  58  -40.0
 69  70  -40.0
 69  68  -40.0
 69  79  -40.0
 69  59  -40.0
 70  69  -40.0
 70  80  -40.0
 70  60  -40.0
 71  72  -40.0
 71  81  -40.0
 71  61  -40.0
 72  73  -40.0
 72  71  -40.0
 72  82  -40.0
 72  62  -40.0
 73  74  -40.0
 73  72  -40.0
 73  83  -40.0
 73  63  -40.0
 74  75  -40.0
 74  73  -40.0
 74  84  -40.0
 74  64  -40.0
 75  76  -40.0
 75  74  -40.0
 75  85  -40.0
 75  65  -40.0
 76  77  -40.0
 76  75  -40.0
 76  86  -40.0
 76  66  -40.0
 77  78  -40.0
 77  76  -40.0
 77  87  -40.0
 77  67  -40.0
 78  79  -40.0
 78  77  -40.0
 78  88  -40.0
 78  68  -40.0
 79  80  -40.0
 79  78  -40.0
 79  89  -40.0
 79  69  -40.0
 80  79  -40.0
 80  90  -40.0
 80  70  -40.0
 81  82  -40.0
 81  91  -40.0
 81  71  -40.0
 82  83  -40.0
 82  81  -40.0
 82  92  -40.0
 82  72  -40.0
 83  84  -40.0
 83  82  -40.0
 83  93  -40.0
 83  73  -40.0
 84  85  -40.0
 84  83  -40.0
 84  94  -40.0
 84  74  -40.0
 85  86  -40.0
 85  84  -40.0
 85  95  -40.0
 85  75  -40.0
 86  87  -40.0
 86  85  -40.0
 86  96  -40.0
 86  76  -40.0
 87  88  -40.0
 87  86  -40.0
 87  97  -40.0
 87  77  -40.0
 88  89  -40.0
 88  87  -40.0
 88  98  -40.0
 88  78  -40.0
 89  90  -40.0
 89  88  -40.0
 89  99  -40.0
 89  79  -40.0
 90  89  -40.0
 90  100  -40.0
 90  80  -40.0
 91  92  -40.0
 91  81  -40.0
 92  93  -40.0
 92  91  -40.0
 92  82  -40.0
 93  94  -40.0
 93  92  -40.0
 93  83  -40.0
 94  95  -40.0
 94  93  -40.0
 94  84  -40.0
 95  96  -40.0
 95  94  -40.0
 95  85  -40.0
 96  97  -40.0
 96  95  -40.0
 96  86  -40.0
 97  98  -40.0
 97  96  -40.0
 97  87  -40.0
 98  99  -40.0
 98  97  -40.0
 98  88  -40.0
 99  100  -40.0
 99  98  -40.0
 99  89  -40.0
 100  99  -40.0
 100  90  -40.0
